1				! sln (1: I_0^0, 2: I_0^1, 3: I_1^0, 4: I_1^1, 0: all)
1.0				! a max
0.005	1.0e-7			! a start step and a resolution 
-0.5 0.5			! yrange
0.001				! ystep
0.0	0.7			! b range
250	1			! # b-brackets, # of extrema-branches
1.0e-2		1.0e-6		! distance factor for mn-b-bracket from a-bracket
1000				! steps until next mod
0				! output mode: 0 only dipcurve, 1: also bifcurves
/tmp/dip1_1a
166				! number of q/p pairs below /home/knfuchss/research/data/tmp/dfbca
       167        250
        67        100
        84        125
       337        500
       169        250
       339        500
        17         25
       341        500
       171        250
       343        500
        86        125
        69        100
       173        250
       347        500
        87        125
       349        500
         7         10
       351        500
        88        125
       353        500
       177        250
        71        100
        89        125
       357        500
       179        250
       359        500
        18         25
       361        500
       181        250
       363        500
        91        125
        73        100
       183        250
       367        500
        92        125
       369        500
        37         50
       371        500
        93        125
       373        500
       187        250
         3          4
        94        125
       377        500
       189        250
       379        500
        19         25
       381        500
       191        250
       383        500
        96        125
        77        100
       193        250
       387        500
        97        125
       389        500
        39         50
       391        500
        98        125
       393        500
       197        250
        79        100
        99        125
       397        500
       199        250
       399        500
         4          5
       401        500
       201        250
       403        500
       101        125
        81        100
       203        250
       407        500
       102        125
       409        500
        41         50
       411        500
       103        125
       413        500
       207        250
        83        100
       104        125
       417        500
       209        250
       419        500
        21         25
       421        500
       211        250
       423        500
       106        125
        17         20
       213        250
       427        500
       107        125
       429        500
        43         50
       431        500
       108        125
       433        500
       217        250
        87        100
       109        125
       437        500
       219        250
       439        500
        22         25
       441        500
       221        250
       443        500
       111        125
        89        100
       223        250
       447        500
       112        125
       449        500
         9         10
       451        500
       113        125
       453        500
       227        250
        91        100
       114        125
       457        500
       229        250
       459        500
        23         25
       461        500
       231        250
       463        500
       116        125
        93        100
       233        250
       467        500
       117        125
       469        500
        47         50
       471        500
       118        125
       473        500
       237        250
        19         20
       119        125
       477        500
       239        250
       479        500
        24         25
       481        500
       241        250
       483        500
       121        125
        97        100
       243        250
       487        500
       122        125
       489        500
        49         50
       491        500
       123        125
       493        500
       247        250
        99        100
       124        125
       497        500
       249        250
       499        500






1-1-166
       167        250
        67        100
        84        125
       337        500
       169        250
       339        500
        17         25
       341        500
       171        250
       343        500
        86        125
        69        100
       173        250
       347        500
        87        125
       349        500
         7         10
       351        500
        88        125
       353        500
       177        250
        71        100
        89        125
       357        500
       179        250
       359        500
        18         25
       361        500
       181        250
       363        500
        91        125
        73        100
       183        250
       367        500
        92        125
       369        500
        37         50
       371        500
        93        125
       373        500
       187        250
         3          4
        94        125
       377        500
       189        250
       379        500
        19         25
       381        500
       191        250
       383        500
        96        125
        77        100
       193        250
       387        500
        97        125
       389        500
        39         50
       391        500
        98        125
       393        500
       197        250
        79        100
        99        125
       397        500
       199        250
       399        500
         4          5
       401        500
       201        250
       403        500
       101        125
        81        100
       203        250
       407        500
       102        125
       409        500
        41         50
       411        500
       103        125
       413        500
       207        250
        83        100
       104        125
       417        500
       209        250
       419        500
        21         25
       421        500
       211        250
       423        500
       106        125
        17         20
       213        250
       427        500
       107        125
       429        500
        43         50
       431        500
       108        125
       433        500
       217        250
        87        100
       109        125
       437        500
       219        250
       439        500
        22         25
       441        500
       221        250
       443        500
       111        125
        89        100
       223        250
       447        500
       112        125
       449        500
         9         10
       451        500
       113        125
       453        500
       227        250
        91        100
       114        125
       457        500
       229        250
       459        500
        23         25
       461        500
       231        250
       463        500
       116        125
        93        100
       233        250
       467        500
       117        125
       469        500
        47         50
       471        500
       118        125
       473        500
       237        250
        19         20
       119        125
       477        500
       239        250
       479        500
        24         25
       481        500
       241        250
       483        500
       121        125
        97        100
       243        250
       487        500
       122        125
       489        500
        49         50
       491        500
       123        125
       493        500
       247        250
        99        100
       124        125
       497        500
       249        250
       499        500


1-3-67
      1601       5000
       801       2500
      1603       5000
       401       1250
       321       1000
       803       2500
      1607       5000
       201        625
      1609       5000
       161        500
      1611       5000
       403       1250
      1613       5000
       807       2500
       323       1000
       202        625
      1617       5000
       809       2500
      1619       5000
        81        250
      1621       5000
       811       2500
      1623       5000
       203        625
        13         40
       813       2500
      1627       5000
       407       1250
      1629       5000
       163        500
      1631       5000
       204        625
      1633       5000
       817       2500
       327       1000
       409       1250
      1637       5000
       819       2500
      1639       5000
        41        125
      1641       5000
       821       2500
      1643       5000
       411       1250
       329       1000
       823       2500
      1647       5000
       206        625
      1649       5000
        33        100
      1651       5000
       413       1250
      1653       5000
       827       2500
       331       1000
       207        625
      1657       5000
       829       2500
      1659       5000
        83        250
      1661       5000
       831       2500
      1663       5000
       208        625
       333       1000
       833       2500
      1667       5000


2-3-59
       131        200
       819       1250
      3277       5000
      1639       2500
      3279       5000
        82        125
      3281       5000
      1641       2500
      3283       5000
       821       1250
       657       1000
      1643       2500
      3287       5000
       411        625
      3289       5000
       329        500
      3291       5000
       823       1250
      3293       5000
      1647       2500
       659       1000
       412        625
      3297       5000
      1649       2500
      3299       5000
        33         50
      3301       5000
      1651       2500
      3303       5000
       413        625
       661       1000
      1653       2500
      3307       5000
       827       1250
      3309       5000
       331        500
      3311       5000
       414        625
      3313       5000
      1657       2500
       663       1000
       829       1250
      3317       5000
      1659       2500
      3319       5000
        83        125
      3321       5000
      1661       2500
      3323       5000
       831       1250
       133        200
      1663       2500
      3327       5000
       416        625
      3329       5000
       333        500
      3331       5000
       833       1250
      3333       5000





