1.064525		! a
0.209399838268681  #19a ! b
1.0e-15			! acc
1.0e-9			! bracs
-1.51			! lowest yval possible (for zbrak)
1.51			! highest yval possible (for zbrak)
1000			! number of zbrak-brakets (<10000)
/home/knfuchss/research/data/testfind-es1112d.out
11			! number of (q,p) values below
12                             13
23                             25
35                             38
58                             63
93                             101
151                            164
244                            265
395                            429
639                            694
1034                           1123
1673                           1817
2707                           2940
4380                           4757
7087                           7697
11467                          12454
18554                          20151
30021                          32605
48575                          52756
78596                          85361
127171                         138117
205767                         223478
332938                         361595
538705                         585073
871643                         946668
1410348                        1531741
2281991                        2478409
3692339                        4010150
5974330                        6488559
9666669                        10498709
15640999                       16987268
25307668                       27485977
40948667                       44473245
66256335                       71959222
107205002                      116432467
173461337                      188391689
280666339                      304824156
454127676                      493215845
734794015                      798040001
1188921691                     1291255846

11                             12

3 5
5 8
8 13
13 21
21 34
34 55
55 89
89 144
144 233
233 377
377 610
610 987
987 1597

